keep_sample <- c(
  7138, 7467, 7293, 3473, 2087, 7352, 2076,  299, 4208,  600, 1362, 1425, 6458, 2616,
  46, 7961, 4750, 8181, 1108, 5619, 7357, 3974, 7508, 1946, 3175, 2966,  486, 3642,
  4199, 1857, 1394, 6357, 7157, 2217, 2868, 5206, 5678, 7128, 5252, 8368, 5010, 4868,
  8933,  969, 8311, 2021,  444, 3827, 7313, 8345, 8031, 4290, 2109, 8993, 6794, 1649,
  7342, 4847, 1387, 5916, 3781, 7148, 8047,  887, 2955, 6068, 8160, 6276, 8175, 5281,
  7183, 4921,  826, 1555, 7254, 5249, 3256, 8342, 5978, 1006, 7603, 1215, 2696, 2703,
  4759, 1894, 3940, 2260, 4267, 1159, 2953,  675, 2810, 1729, 1444,  919, 5001, 3853,
  6085, 7292, 4436, 3122, 2118, 3802, 3744, 7625, 5661, 7840, 5949,  105, 5163, 1317,
  5946, 1279, 2298, 7642, 4746, 1845, 8987, 6414, 5874, 1164, 5586, 4179, 8558, 4233,
  8755, 8764, 3619, 3541, 8400, 1244, 1593, 1043, 4961, 8396, 4250, 6159,  702,  222,
  6127, 8087, 9036, 3826, 2165, 8632, 9037, 2834,  173, 4464, 1947, 2408, 5533, 6368,
  4496,  972, 5834, 1336, 4676,  283, 7707, 1473, 3419, 7817,  145, 6210, 2835, 5962,
  2653, 5793, 2000, 8449, 1280, 5258,  246, 1579, 2435, 1700, 9063, 2513, 8974,  121,
  450, 3891, 8210, 8864, 3791, 2888, 8552, 7389, 1960, 6920, 1404, 2486, 7765, 4183,
  7919, 5864, 2601,  958, 4012, 9009, 1640, 1415, 4558, 4756, 7900, 6103, 4969, 1464,
  8707, 4063,  110, 1417, 7723, 7090, 5819, 7255, 5583, 7334, 5517, 4738, 2534, 3672,
  6180, 1443,  594, 1550, 8060, 4193, 5640, 8427,  297, 3270, 5737, 7324, 2894, 3209,
  7484, 4886, 3053, 5336,   79, 6995, 2907, 4342, 3690, 1023, 3455, 5841,  489, 4322,
  2461, 6198, 8068, 8773, 7360, 1296, 5376, 5802,  588, 8369, 8732,  320, 8471, 8890,
  3798, 2394,  940,  286, 2080, 6949, 1141,  598, 5933, 2700, 1716, 1663, 8722, 4770,
  4304, 7558, 2938, 1334, 3102, 6556, 8845, 8407,  501, 1465, 2069, 4822, 1740, 5518,
  1811, 2115, 4211, 1753, 8225, 6184, 5343, 3199, 4635, 1179, 6250, 7998, 1344, 6512,
  4869, 5566, 8108, 4264, 3531, 4465, 1837, 6736, 4924, 7435, 8673,  174, 5745, 4080,
  8809, 6596, 2191, 4952, 6181, 2932, 2106, 5648, 7088, 1252, 7238, 5504, 6536, 1680,
  4818, 2013, 8211, 7132, 5198, 1913, 6548, 7044, 5434, 2410, 9109,  614, 3629, 6603,
  5003, 4147, 4669, 5628, 1547, 8008, 1194,  294, 1544, 5279, 7926, 1468,  746, 2575,
  3789, 5403,   36, 6833, 8957, 1406, 4242, 4983, 3062, 7726, 2848, 8863, 7541, 4702,
  3422, 5383, 3967, 6501, 1308, 1949, 4158,  496, 1302,   76 ,6087 ,2089 ,8496 ,3839,
  8259, 1847, 8823,  223, 3225, 4470, 4979, 3407, 3434, 2014, 1938,  432, 5952,  540,
  6954, 6092, 5877, 5374, 8775, 5238, 7720, 5534, 8093, 2608, 7838, 7424, 3297, 2424,
  3625, 8418, 4825, 6119, 2259, 2405, 8793, 9098, 7862, 3418, 4573, 2276,  262, 7571,
  5739, 8519, 6384, 7012, 6576, 2941, 8136, 3091, 1447, 3973, 1072, 5484,  248, 8956,
  872, 1482, 4619, 4538, 4201, 3499, 6587, 5276, 6929,  889, 8410,  131, 2142, 2196,
  761, 7453, 4504,  906, 8408, 6682, 5987, 2073, 8896, 3478, 4639, 4422, 5960, 6633,
  8751, 5438, 1767, 8021, 3107,  467, 5959, 6381, 7553, 6606, 5437, 3494, 4873, 8849,
  5445, 5535, 8572, 1347, 8223, 8309, 8516, 4358, 7471, 5425, 8915, 6734, 1541, 4557,
  1545,  916,  292,  816, 2773, 7111, 4427,  977, 8802, 8122,  963, 7545, 8495, 4028,
  6278, 5667, 1127, 4914, 5723, 3984, 8619, 1971, 1802, 7401, 7112, 7222, 1983, 1071,
  376, 3881,  901, 4284, 2428, 3439, 1209, 1088, 8967, 2878, 3963, 6737,  733, 2527,
  2082, 4910, 3742, 6345, 3812, 1463, 6774, 4444, 8859, 5915, 8752, 3411, 4263, 1361,
  7179, 5606, 4836, 7393, 6236, 4515, 2599, 4519, 8706, 4684, 5131, 7716, 1805, 7526,
  1950, 4697,  634, 1603, 6580, 6377,  574, 5314, 6031, 7735, 2602, 3063, 2538, 2437,
  3869, 4302, 5622, 8948, 7617, 1512, 2179, 4022, 1146, 1941, 2712, 3253, 4584, 6077,
  2488, 6149, 1840,  617, 3534, 3034,  706, 8111, 8681, 5313, 4261, 6484,  161, 3260,
  8646, 6902, 7104,  298, 3801, 4166, 2918, 3774,  403, 6897, 1997,  843, 8120, 4499,
  7675, 6216, 4755, 8666,  718, 7803, 8655, 2717, 1637, 6153,  880, 5112, 5680, 3481,
  2913, 8014, 7235, 8829, 6244, 7014, 2680, 1778, 5792, 7936, 7513, 6591, 2248, 8661,
  5295, 7991, 7474, 2284, 7592, 2998, 8094, 8862, 2476, 5167, 7730, 3050,  967, 7460,
  3024, 5493, 4255, 7989, 6756,  898,  476, 1351, 5271, 1533, 8753, 2329, 8913,   68,
  7314, 5530, 7618, 3621, 5816, 6079, 4694, 1314,  827, 7939, 2286,  630, 8433, 4814,
  5790, 8194, 3520, 5462, 7457, 8476, 6263, 7943, 4285, 4095, 6467, 9070,  739, 7778,
  422,  987, 1654, 3747, 4445, 1720, 7200, 3638, 3079, 1675, 4748, 6201, 8529,  682,
  8388, 6578, 8538, 7983, 8441, 5492, 3832, 2213, 1693, 3600, 5912, 7095, 6522,  398,
  7234, 5230, 1140, 6707, 9048, 3515,  932, 2976, 5396, 5947, 1382, 8671, 1466,  620,
  7414, 7708, 8577, 6255, 7867, 5653, 3971, 3092, 2544, 3980, 6594, 6630, 4144, 2233,
  3080, 8043, 7506, 1042, 7339, 8065, 2180, 7987, 8487, 6715, 5025, 3576, 1993, 4433,
  1794, 6644, 4960, 7399, 5362, 4843,  845,  904, 6983, 3281, 8795, 7636, 4031, 6709,
  1467, 2159, 1577, 7164, 5324, 2568, 8143, 5736, 6114, 7382, 7403, 2841, 5660, 8053,
  7326, 7347, 8701,  991, 2619, 6412, 6453, 8287, 6754, 8052, 2540, 2605, 8888, 4906,
  3880, 6731, 3129,  924, 3538, 8692, 1134, 5338, 5650, 8717,  416, 3616, 2785, 6991,
  3135, 6518, 1220, 6117, 3714, 8402, 8564,  352,  513, 8574,   18 ,5432 ,8605 ,8271,
  5464, 3509, 6998, 8072, 3810, 1501, 3952, 6093, 3223, 3677, 8607, 2751,  741, 3504,
  6128, 2706, 6923, 6605, 5335, 2697, 6503, 3334, 3543,  360, 4659, 3449, 8934, 5304,
  6135, 6003, 4516, 3495, 1131, 4640, 2666, 6337, 1056, 8917, 4567, 8458,  386, 7491,
  6323, 8350, 4913, 2733, 5794, 6488, 8332, 2789,  508, 4772, 3885, 3662,  158, 6254,
  7790, 7782, 8644, 4562, 3922, 5201, 3820, 9082, 6792, 2308, 8599, 2500, 4146, 2721,
  4383, 7966, 1948, 3015, 5171, 4574, 2052,  891, 6428, 5638, 1739, 7767, 3570, 5763,
  8359, 5379, 2944, 7587,  425, 7480, 4729, 4919, 5084, 2288, 6107, 6641, 7500, 2448,
  4289, 5210,  387, 2702, 5063, 1037, 1325, 4081, 2242, 5923, 1061, 4389, 3711, 3123,
  4877, 5475, 2070, 1276,  776, 1915, 2710, 2031, 2897, 1129, 3540, 2011, 6953, 2916,
  6823,  847, 8220, 3023, 8745, 2255, 5520, 1676,  951, 3321, 6706, 8157, 6116, 5840,
  3483, 8045, 3305, 8838, 8766, 4763, 8057, 1627, 1014, 8156, 9096,  609, 3670, 5576,
  40, 4254, 1318, 9123, 2857, 1376, 1114, 5980, 4205, 6141, 5146, 2305, 8525, 5275,
  6281, 7486, 8756, 6687, 7250, 3588, 3513, 6853, 6099, 1632, 6718, 8066, 2983, 1568,
  1743, 3320, 2269, 4663, 9061, 8629, 5297, 5929, 4467, 7945, 8153, 5103, 8302, 3130,
  8900, 8998, 1034, 8964, 5899, 4991, 6425, 3726, 5898,  837, 6037, 5043, 5479, 2561,
  1751, 4339, 1293,  964, 3479, 2648, 6443, 5761, 2790, 8657, 6089, 7422,  612, 8304,
  2143, 3707,  400, 2956, 2334, 5358, 8908, 4424, 3896, 3671,  517, 6491, 1121, 3666,
  7885, 3083, 6410, 5893, 1502,  214, 4660, 1636, 1984, 6075, 3381, 5410, 8488, 3423,
  4189, 8969, 2430, 7345, 2054, 8125, 4217, 4719, 5404, 3529, 1441, 6011, 2788, 1503,
  5317, 1046, 4055, 4768, 6697, 4623, 3718, 3695, 6939, 5406, 1248, 4225,  457,  944,
  1822, 2687, 1599, 8995,  453, 2404, 1438, 6982, 5130, 6102, 6946, 3144, 7531, 6913,
  6773, 6355,  146, 3489, 1455,  302,  691, 4354, 6002, 5635, 5429,  973, 4408, 7907,
  2110, 5698, 2267,  304, 5796, 5421, 4631, 9078, 1864, 8131, 7912,    4, 6679, 8489,
  3298, 6611, 2598, 1684, 8886, 4434, 6246, 1773, 7660, 7084, 7948, 9008, 7224, 7223,
  3599, 4661, 4537, 1674, 7404, 4265, 5268, 1707, 3399,  231, 8001, 6930,  205, 8663,
  4616, 6251, 2670, 6014, 8926, 1185, 5453, 2682, 5145, 4415, 9089, 8147, 6164, 1278,
  4525, 8010, 3219,  796, 7202, 9114, 2183, 7003, 7362, 8121, 5221, 2025,  641, 9130,
  2615, 4480, 6589, 5614,  782,  941,   84, 5839, 6023,  243, 3601, 7732, 6340, 1506,
  631, 8228, 6347, 7337, 7731,  229, 7126, 8092, 5762,   82, 3510, 8986, 824, 1821,
  4006, 6372, 1759, 1147, 6513, 1366, 8414, 4301, 4188, 1409,  182, 4327, 8806, 6683,
  4745, 6143,   74, 3511, 6790, 3088, 8159, 8784, 4455, 5607, 3817, 5331, 3699, 3378,
